222.995514 100.448425 0.000000 121.542595
0.000000 121.542595 0.000000 179.802689
0.000000 179.802689 202.905838 160.717484
202.905838 160.717484 195.874451 186.834076
195.874451 186.834076 222.995514 198.887894
222.995514 198.887894 222.995514 100.448425
222.995514 0.000000 191.856506 0.000000
191.856506 0.000000 222.995514 13.058296
222.995514 13.058296 222.995514 0.000000
222.995514 222.995514 187.838577 205.919281
187.838577 205.919281 179.802689 222.995514
179.802689 222.995514 222.995514 222.995514
